 lambda(Angstrom)  Blambda(erg cm-2 s-1 Angstrom-1)
   5.000e+00   3.097e-14
   3.000e+01   1.818e-13
   5.500e+01   7.216e-14
   8.000e+01   2.750e-14
   1.050e+02   8.189e-14
   1.300e+02   8.189e-14
   1.550e+02   8.189e-14
   1.800e+02   8.189e-14
   2.050e+02   8.338e-14
   2.300e+02   8.338e-14
   2.550e+02   8.338e-14
   2.800e+02   8.338e-14
   3.050e+02   8.035e-14
   3.300e+02   8.035e-14
   3.550e+02   8.035e-14
   3.800e+02   8.035e-14
   4.050e+02   7.168e-15
   4.300e+02   7.168e-15
   4.550e+02   7.168e-15
   4.800e+02   7.168e-15
   5.050e+02   3.108e-14
   5.300e+02   3.108e-14
   5.550e+02   3.108e-14
   5.800e+02   3.108e-14
   6.050e+02   1.600e-14
   6.300e+02   1.600e-14
   6.550e+02   1.600e-14
   6.800e+02   1.600e-14
   7.050e+02   4.175e-14
   7.300e+02   4.175e-14
   7.550e+02   4.175e-14
   7.800e+02   4.175e-14
   8.050e+02   1.000e-13
   8.300e+02   1.000e-13
   8.550e+02   1.000e-13
   8.800e+02   1.000e-13
   9.050e+02   1.000e-13
   9.300e+02   2.902e-14
   9.550e+02   2.902e-14
   9.800e+02   2.902e-14
   1.005e+03   2.902e-14
   1.030e+03   2.902e-14
   1.055e+03   2.902e-14
   1.080e+03   2.902e-14
   1.105e+03   2.902e-14
   1.130e+03   2.902e-14
   1.155e+03   2.902e-14
   1.180e+03   3.829e-16
   1.205e+03   2.206e-15
   1.230e+03   5.042e-15
   1.255e+03   4.108e-15
   1.280e+03   1.459e-15
   1.305e+03   1.878e-13
   1.330e+03   7.765e-15
   1.355e+03   6.097e-15
   1.380e+03   3.964e-15
   1.405e+03   8.246e-15
   1.430e+03   4.889e-15
   1.455e+03   6.497e-15
   1.480e+03   6.219e-15
   1.505e+03   7.896e-15
   1.530e+03   8.518e-15
   1.555e+03   8.883e-15
   1.580e+03   6.200e-15
   1.605e+03   6.231e-15
   1.630e+03   2.059e-14
   1.655e+03   2.043e-14
   1.680e+03   1.097e-14
   1.705e+03   1.613e-14
   1.730e+03   1.183e-14
   1.755e+03   1.268e-14
   1.780e+03   2.068e-14
   1.805e+03   1.510e-14
   1.830e+03   1.350e-14
   1.855e+03   6.086e-14
   1.880e+03   3.561e-14
   1.905e+03   3.324e-14
   1.930e+03   4.214e-14
   1.955e+03   4.673e-14
   1.980e+03   5.909e-14
   2.005e+03   6.792e-14
   2.030e+03   7.203e-14
   2.055e+03   8.657e-14
   2.080e+03   1.065e-13
   2.105e+03   1.671e-13
   2.130e+03   2.135e-13
   2.155e+03   2.226e-13
   2.180e+03   2.239e-13
   2.205e+03   2.961e-13
   2.230e+03   3.465e-13
   2.255e+03   5.104e-13
   2.280e+03   4.405e-13
   2.305e+03   4.270e-13
   2.330e+03   1.577e-13
   2.355e+03   5.832e-13
   2.380e+03   9.213e-13
   2.405e+03   8.342e-13
   2.430e+03   8.620e-13
   2.455e+03   8.000e-13
   2.480e+03   8.863e-13
   2.505e+03   1.076e-12
   2.530e+03   6.290e-13
   2.555e+03   1.850e-12
   2.580e+03   1.967e-12
   2.605e+03   2.090e-12
   2.630e+03   2.251e-12
   2.655e+03   4.097e-12
   2.680e+03   2.617e-12
   2.705e+03   4.467e-12
   2.730e+03   5.205e-12
   2.755e+03   3.343e-12
   2.780e+03   4.141e-12
   2.805e+03   2.135e-12
   2.830e+03   5.574e-12
   2.855e+03   1.428e-12
   2.880e+03   4.353e-12
   2.905e+03   3.199e-11
   2.930e+03   8.929e-12
   2.955e+03   6.518e-12
   2.980e+03   2.760e-11
   3.005e+03   1.388e-11
   3.030e+03   3.294e-11
   3.055e+03   1.074e-11
   3.080e+03   3.223e-11
   3.105e+03   5.119e-11
   3.130e+03   3.414e-11
   3.155e+03   5.238e-11
   3.180e+03   2.102e-11
   3.205e+03   5.639e-11
   3.230e+03   2.249e-11
   3.255e+03   2.422e-11
   3.280e+03   4.236e-11
   3.305e+03   6.143e-11
   3.330e+03   3.764e-11
   3.355e+03   3.932e-11
   3.380e+03   2.719e-11
   3.405e+03   4.139e-11
   3.430e+03   5.938e-11
   3.455e+03   4.181e-11
   3.480e+03   3.991e-11
   3.505e+03   8.170e-11
   3.530e+03   5.216e-11
   3.555e+03   2.429e-11
   3.580e+03   1.640e-11
   3.605e+03   4.253e-11
   3.630e+03   6.857e-11
   3.655e+03   5.365e-11
   3.680e+03   5.648e-11
   3.705e+03   3.153e-11
   3.730e+03   5.622e-11
   3.755e+03   5.346e-11
   3.780e+03   5.261e-11
   3.805e+03   6.520e-11
   3.830e+03   2.473e-11
   3.855e+03   3.802e-11
   3.880e+03   1.869e-11
   3.905e+03   4.283e-11
   3.930e+03   2.633e-11
   3.955e+03   6.374e-11
   3.980e+03   6.767e-11
   4.005e+03   1.026e-10
   4.030e+03   1.068e-10
   4.055e+03   1.024e-10
   4.080e+03   8.540e-11
   4.105e+03   8.924e-11
   4.130e+03   9.138e-11
   4.155e+03   6.612e-11
   4.180e+03   9.709e-11
   4.205e+03   8.119e-11
   4.230e+03   9.131e-11
   4.255e+03   7.120e-11
   4.280e+03   1.010e-10
   4.305e+03   6.199e-11
   4.330e+03   1.089e-10
   4.355e+03   1.041e-10
   4.380e+03   9.646e-11
   4.405e+03   8.510e-11
   4.430e+03   1.224e-10
   4.455e+03   1.047e-10
   4.480e+03   1.305e-10
   4.505e+03   1.321e-10
   4.530e+03   8.513e-11
   4.555e+03   1.146e-10
   4.580e+03   1.054e-10
   4.605e+03   1.208e-10
   4.630e+03   1.303e-10
   4.655e+03   1.200e-10
   4.680e+03   1.067e-10
   4.705e+03   1.143e-10
   4.730e+03   1.060e-10
   4.755e+03   1.178e-10
   4.780e+03   1.314e-10
   4.805e+03   1.350e-10
   4.830e+03   1.203e-10
   4.855e+03   1.283e-10
   4.880e+03   9.943e-11
   4.905e+03   1.056e-10
   4.930e+03   1.257e-10
   4.955e+03   1.227e-10
   4.980e+03   1.028e-10
   5.005e+03   1.220e-10
   5.030e+03   1.186e-10
   5.055e+03   1.264e-10
   5.080e+03   1.126e-10
   5.105e+03   1.248e-10
   5.130e+03   1.195e-10
   5.155e+03   1.051e-10
   5.180e+03   1.068e-10
   5.205e+03   1.248e-10
   5.230e+03   1.152e-10
   5.255e+03   1.184e-10
   5.280e+03   1.255e-10
   5.305e+03   1.290e-10
   5.330e+03   4.691e-11
   5.355e+03   1.157e-10
   5.380e+03   1.256e-10
   5.405e+03   1.064e-10
   5.430e+03   1.164e-10
   5.455e+03   1.218e-10
   5.480e+03   1.224e-10
   5.505e+03   1.243e-10
   5.530e+03   8.945e-11
   5.555e+03   1.144e-10
   5.580e+03   1.190e-10
   5.605e+03   1.111e-10
   5.630e+03   1.223e-10
   5.655e+03   1.228e-10
   5.680e+03   1.255e-10
   5.705e+03   1.189e-10
   5.730e+03   1.263e-10
   5.755e+03   1.021e-10
   5.780e+03   1.241e-10
   5.805e+03   1.227e-10
   5.830e+03   1.227e-10
   5.855e+03   1.107e-10
   5.880e+03   1.215e-10
   5.905e+03   1.197e-10
   5.930e+03   1.169e-10
   5.955e+03   1.148e-10
   5.980e+03   1.139e-10
   6.005e+03   1.108e-10
   6.030e+03   1.201e-10
   6.055e+03   1.166e-10
   6.080e+03   1.070e-10
   6.105e+03   9.832e-11
   6.130e+03   1.138e-10
   6.155e+03   1.179e-10
   6.180e+03   1.179e-10
   6.205e+03   1.176e-10
   6.230e+03   1.167e-10
   6.255e+03   1.119e-10
   6.280e+03   1.117e-10
   6.305e+03   1.150e-10
   6.330e+03   1.156e-10
   6.355e+03   1.111e-10
   6.380e+03   1.106e-10
   6.405e+03   1.131e-10
   6.430e+03   1.128e-10
   6.455e+03   1.131e-10
   6.480e+03   1.104e-10
   6.505e+03   1.106e-10
   6.530e+03   1.113e-10
   6.555e+03   1.084e-10
   6.580e+03   1.097e-10
   6.605e+03   1.094e-10
   6.630e+03   1.093e-10
   6.655e+03   1.085e-10
   6.680e+03   9.045e-11
   6.705e+03   1.046e-10
   6.730e+03   1.070e-10
   6.755e+03   1.000e-10
   6.780e+03   1.067e-10
   6.805e+03   1.059e-10
   6.830e+03   1.040e-10
   6.855e+03   1.055e-10
   6.880e+03   1.049e-10
   6.905e+03   1.045e-10
   6.930e+03   1.032e-10
   6.955e+03   1.012e-10
   6.980e+03   9.633e-11
   7.005e+03   1.018e-10
   7.030e+03   1.005e-10
   7.055e+03   9.510e-11
   7.080e+03   1.015e-10
   7.105e+03   9.945e-11
   7.130e+03   9.753e-11
   7.155e+03   9.895e-11
   7.180e+03   9.913e-11
   7.205e+03   9.881e-11
   7.230e+03   9.663e-11
   7.255e+03   9.608e-11
   7.280e+03   9.633e-11
   7.305e+03   9.457e-11
   7.330e+03   9.377e-11
   7.355e+03   9.585e-11
   7.380e+03   9.615e-11
   7.405e+03   9.530e-11
   7.430e+03   9.512e-11
   7.455e+03   9.408e-11
   7.480e+03   9.313e-11
   7.505e+03   9.327e-11
   7.530e+03   9.280e-11
   7.555e+03   8.957e-11
   7.580e+03   9.120e-11
   7.605e+03   8.752e-11
   7.630e+03   9.158e-11
   7.655e+03   9.063e-11
   7.680e+03   9.034e-11
   7.705e+03   9.046e-11
   7.730e+03   8.179e-11
   7.755e+03   8.927e-11
   7.780e+03   8.919e-11
   7.805e+03   8.833e-11
   7.830e+03   8.852e-11
   7.855e+03   8.727e-11
   7.880e+03   8.564e-11
   7.905e+03   8.658e-11
   7.930e+03   8.478e-11
   7.955e+03   8.608e-11
   7.980e+03   8.542e-11
   8.005e+03   8.122e-11
   8.030e+03   8.123e-11
   8.055e+03   8.305e-11
   8.080e+03   8.330e-11
   8.105e+03   8.276e-11
   8.130e+03   8.198e-11
   8.155e+03   8.181e-11
   8.180e+03   8.162e-11
   8.205e+03   8.101e-11
   8.230e+03   8.090e-11
   8.255e+03   8.119e-11
   8.280e+03   8.018e-11
   8.305e+03   7.948e-11
   8.330e+03   7.280e-11
   8.355e+03   7.801e-11
   8.380e+03   7.430e-11
   8.405e+03   7.733e-11
   8.430e+03   7.861e-11
   8.455e+03   7.841e-11
   8.480e+03   7.784e-11
   8.505e+03   7.437e-11
   8.530e+03   7.190e-11
   8.555e+03   7.571e-11
   8.580e+03   7.674e-11
   8.605e+03   7.492e-11
   8.630e+03   7.578e-11
   8.655e+03   7.408e-11
   8.680e+03   7.481e-11
   8.705e+03   7.395e-11
   8.730e+03   7.226e-11
   8.755e+03   7.037e-11
   8.780e+03   7.347e-11
   8.805e+03   7.313e-11
   8.830e+03   7.291e-11
   8.855e+03   7.267e-11
   8.880e+03   7.160e-11
   8.905e+03   7.142e-11
   8.930e+03   6.869e-11
   8.955e+03   7.143e-11
   8.980e+03   7.116e-11
   9.005e+03   7.028e-11
   9.030e+03   6.875e-11
   9.055e+03   6.884e-11
   9.080e+03   6.952e-11
   9.105e+03   6.812e-11
   9.130e+03   6.925e-11
   9.155e+03   6.871e-11
   9.180e+03   6.784e-11
   9.205e+03   6.713e-11
   9.230e+03   6.588e-11
   9.255e+03   6.526e-11
   9.280e+03   6.678e-11
   9.305e+03   6.684e-11
   9.330e+03   6.273e-11
   9.355e+03   6.511e-11
   9.380e+03   6.469e-11
   9.405e+03   6.437e-11
   9.430e+03   6.507e-11
   9.455e+03   6.302e-11
   9.480e+03   6.260e-11
   9.505e+03   6.250e-11
   9.530e+03   6.273e-11
   9.555e+03   6.061e-11
   9.580e+03   6.301e-11
   9.605e+03   6.209e-11
   9.630e+03   6.204e-11
   9.655e+03   6.177e-11
   9.680e+03   6.233e-11
   9.705e+03   6.078e-11
   9.730e+03   6.008e-11
   9.755e+03   6.097e-11
   9.780e+03   6.083e-11
   9.805e+03   6.094e-11
   9.830e+03   6.034e-11
   9.855e+03   5.972e-11
   9.880e+03   6.024e-11
   9.905e+03   5.910e-11
   9.930e+03   5.831e-11
   9.955e+03   5.912e-11
   9.980e+03   5.876e-11
   1.000e+04   5.881e-11
   1.003e+04   5.756e-11
   1.006e+04   5.675e-11
   1.008e+04   5.763e-11
   1.010e+04   5.687e-11
   1.013e+04   5.680e-11
   1.016e+04   5.669e-11
   1.018e+04   5.685e-11
   1.020e+04   5.604e-11
   1.023e+04   5.609e-11
   1.026e+04   5.564e-11
   1.028e+04   5.593e-11
   1.030e+04   5.481e-11
   1.033e+04   5.065e-11
   1.036e+04   5.517e-11
   1.038e+04   5.484e-11
   1.040e+04   5.440e-11
   1.043e+04   5.364e-11
   1.046e+04   5.408e-11
   1.048e+04   5.366e-11
   1.050e+04   5.281e-11
   1.053e+04   5.340e-11
   1.056e+04   5.286e-11
   1.058e+04   5.142e-11
   1.060e+04   5.188e-11
   1.063e+04   5.055e-11
   1.066e+04   5.232e-11
   1.068e+04   5.115e-11
   1.070e+04   5.164e-11
   1.073e+04   4.617e-11
   1.076e+04   5.096e-11
   1.078e+04   5.108e-11
   1.080e+04   5.003e-11
   1.083e+04   3.749e-11
   1.086e+04   5.051e-11
   1.088e+04   5.005e-11
   1.090e+04   4.978e-11
   1.093e+04   4.774e-11
   1.096e+04   4.702e-11
   1.098e+04   4.789e-11
   1.100e+04   4.811e-11
   1.103e+04   4.743e-11
   1.106e+04   4.774e-11
   1.108e+04   4.854e-11
   1.110e+04   4.617e-11
   1.113e+04   4.592e-11
   1.116e+04   4.787e-11
   1.118e+04   4.759e-11
   1.120e+04   4.538e-11
   1.123e+04   4.719e-11
   1.126e+04   4.612e-11
   1.128e+04   4.344e-11
   1.130e+04   4.676e-11
   1.133e+04   4.645e-11
   1.136e+04   4.514e-11
   1.138e+04   4.596e-11
   1.140e+04   4.578e-11
   1.143e+04   4.534e-11
   1.146e+04   4.566e-11
   1.148e+04   4.538e-11
   1.150e+04   4.377e-11
   1.153e+04   4.475e-11
   1.156e+04   4.480e-11
   1.158e+04   4.457e-11
   1.160e+04   4.430e-11
   1.163e+04   4.436e-11
   1.166e+04   4.395e-11
   1.168e+04   4.369e-11
   1.170e+04   4.372e-11
   1.173e+04   4.308e-11
   1.176e+04   4.227e-11
   1.178e+04   4.314e-11
   1.180e+04   4.293e-11
   1.183e+04   3.874e-11
   1.186e+04   4.199e-11
   1.188e+04   4.250e-11
   1.190e+04   4.221e-11
   1.193e+04   4.207e-11
   1.196e+04   4.197e-11
   1.198e+04   4.168e-11
   1.200e+04   4.146e-11
   1.203e+04   4.051e-11
   1.206e+04   4.132e-11
   1.208e+04   4.062e-11
   1.210e+04   4.076e-11
   1.213e+04   4.041e-11
   1.216e+04   4.043e-11
   1.218e+04   4.058e-11
   1.220e+04   4.034e-11
   1.223e+04   3.920e-11
   1.226e+04   3.889e-11
   1.228e+04   3.981e-11
   1.230e+04   3.979e-11
   1.233e+04   3.969e-11
   1.236e+04   3.895e-11
   1.238e+04   3.930e-11
   1.240e+04   3.923e-11
   1.243e+04   3.851e-11
   1.246e+04   3.882e-11
   1.248e+04   3.859e-11
   1.250e+04   3.867e-11
   1.253e+04   3.773e-11
   1.256e+04   3.808e-11
   1.258e+04   3.823e-11
   1.260e+04   3.751e-11
   1.263e+04   3.788e-11
   1.266e+04   3.762e-11
   1.268e+04   3.731e-11
   1.270e+04   3.718e-11
   1.273e+04   3.718e-11
   1.276e+04   3.720e-11
   1.278e+04   3.694e-11
   1.280e+04   3.664e-11
   1.283e+04   3.549e-11
   1.286e+04   3.665e-11
   1.288e+04   3.646e-11
   1.290e+04   3.619e-11
   1.293e+04   3.586e-11
   1.296e+04   3.594e-11
   1.298e+04   3.340e-11
   1.300e+04   3.569e-11
   1.303e+04   3.575e-11
   1.306e+04   3.562e-11
   1.308e+04   3.528e-11
   1.310e+04   3.544e-11
   1.313e+04   3.490e-11
   1.316e+04   3.065e-11
   1.318e+04   3.322e-11
   1.320e+04   3.365e-11
   1.323e+04   3.485e-11
   1.326e+04   3.466e-11
   1.328e+04   3.456e-11
   1.330e+04   3.418e-11
   1.333e+04   3.380e-11
   1.336e+04   3.395e-11
   1.338e+04   3.414e-11
   1.340e+04   3.403e-11
   1.343e+04   3.337e-11
   1.346e+04   3.376e-11
   1.348e+04   3.321e-11
   1.350e+04   3.352e-11
   1.353e+04   3.347e-11
   1.356e+04   3.289e-11
   1.358e+04   3.322e-11
   1.360e+04   3.295e-11
   1.363e+04   3.124e-11
   1.366e+04   3.256e-11
   1.368e+04   3.287e-11
   1.370e+04   3.255e-11
   1.373e+04   3.258e-11
   1.376e+04   3.217e-11
   1.378e+04   3.168e-11
   1.380e+04   3.233e-11
   1.383e+04   3.217e-11
   1.386e+04   3.214e-11
   1.388e+04   3.183e-11
   1.390e+04   3.194e-11
   1.393e+04   3.173e-11
   1.396e+04   3.164e-11
   1.398e+04   3.144e-11
   1.400e+04   3.150e-11
   1.403e+04   2.901e-11
   1.406e+04   3.136e-11
   1.408e+04   3.112e-11
   1.410e+04   3.114e-11
   1.413e+04   3.020e-11
   1.416e+04   3.081e-11
   1.418e+04   3.086e-11
   1.420e+04   2.918e-11
   1.423e+04   2.968e-11
   1.426e+04   2.922e-11
   1.428e+04   2.961e-11
   1.430e+04   2.923e-11
   1.433e+04   3.030e-11
   1.436e+04   2.981e-11
   1.438e+04   2.999e-11
   1.440e+04   2.197e-11
   1.443e+04   2.983e-11
   1.446e+04   2.957e-11
   1.448e+04   2.906e-11
   1.450e+04   2.876e-11
   1.453e+04   2.791e-11
   1.456e+04   2.839e-11
   1.458e+04   2.837e-11
   1.460e+04   2.848e-11
   1.463e+04   2.852e-11
   1.466e+04   2.398e-11
   1.468e+04   2.901e-11
   1.470e+04   2.789e-11
   1.473e+04   2.878e-11
   1.476e+04   2.777e-11
   1.478e+04   2.837e-11
   1.480e+04   2.741e-11
   1.483e+04   2.468e-11
   1.486e+04   2.789e-11
   1.488e+04   2.307e-11
   1.490e+04   2.808e-11
   1.493e+04   2.746e-11
   1.496e+04   2.813e-11
   1.498e+04   2.805e-11
   1.500e+04   2.795e-11
   1.503e+04   1.980e-11
   1.506e+04   2.565e-11
   1.508e+04   2.744e-11
   1.510e+04   2.712e-11
   1.513e+04   2.729e-11
   1.516e+04   2.745e-11
   1.518e+04   2.729e-11
   1.520e+04   2.736e-11
   1.523e+04   2.691e-11
   1.526e+04   2.647e-11
   1.528e+04   2.707e-11
   1.530e+04   2.685e-11
   1.533e+04   2.692e-11
   1.536e+04   2.680e-11
   1.538e+04   2.443e-11
   1.540e+04   2.633e-11
   1.543e+04   2.627e-11
   1.546e+04   2.607e-11
   1.548e+04   2.534e-11
   1.550e+04   2.478e-11
   1.553e+04   2.627e-11
   1.556e+04   2.534e-11
   1.558e+04   2.589e-11
   1.560e+04   2.607e-11
   1.563e+04   2.597e-11
   1.566e+04   2.567e-11
   1.568e+04   2.568e-11
   1.570e+04   2.551e-11
   1.573e+04   2.517e-11
   1.576e+04   2.413e-11
   1.578e+04   2.512e-11
   1.580e+04   2.475e-11
   1.583e+04   2.528e-11
   1.586e+04   2.462e-11
   1.588e+04   2.475e-11
   1.590e+04   2.458e-11
   1.593e+04   2.495e-11
   1.596e+04   2.454e-11
   1.598e+04   2.487e-11
   1.600e+04   2.482e-11
   1.603e+04   2.448e-11
   1.606e+04   2.444e-11
   1.608e+04   2.426e-11
   1.610e+04   2.293e-11
   1.613e+04   2.140e-11
   1.616e+04   1.940e-11
   1.618e+04   2.346e-11
   1.620e+04   2.346e-11
   1.623e+04   2.173e-11
   1.626e+04   2.386e-11
   1.628e+04   2.353e-11
   1.630e+04   2.353e-11
   1.633e+04   2.354e-11
   1.636e+04   2.324e-11
   1.638e+04   2.272e-11
   1.640e+04   2.250e-11
   1.643e+04   2.268e-11
   1.646e+04   2.240e-11
   1.648e+04   2.272e-11
   1.650e+04   2.275e-11
   1.653e+04   2.241e-11
   1.656e+04   2.217e-11
   1.658e+04   2.230e-11
   1.660e+04   2.235e-11
   1.663e+04   2.174e-11
   1.666e+04   2.163e-11
   1.668e+04   2.186e-11
   1.670e+04   2.185e-11
   1.673e+04   2.140e-11
   1.676e+04   1.443e-11
   1.678e+04   2.118e-11
   1.680e+04   2.052e-11
   1.683e+04   2.093e-11
   1.686e+04   2.109e-11
   1.688e+04   2.071e-11
   1.690e+04   2.054e-11
   1.693e+04   2.081e-11
   1.696e+04   2.064e-11
   1.698e+04   2.046e-11
   1.700e+04   2.030e-11
   1.703e+04   2.004e-11
   1.706e+04   2.010e-11
   1.708e+04   1.990e-11
   1.710e+04   1.958e-11
   1.713e+04   1.969e-11
   1.716e+04   1.993e-11
   1.718e+04   1.971e-11
   1.720e+04   1.941e-11
   1.723e+04   1.491e-11
   1.726e+04   1.917e-11
   1.728e+04   1.827e-11
   1.730e+04   1.910e-11
   1.733e+04   1.806e-11
   1.736e+04   1.825e-11
   1.738e+04   1.832e-11
   1.740e+04   1.816e-11
   1.743e+04   1.877e-11
   1.746e+04   1.867e-11
   1.748e+04   1.838e-11
   1.750e+04   1.759e-11
   1.753e+04   1.843e-11
   1.756e+04   1.799e-11
   1.758e+04   1.809e-11
   1.760e+04   1.818e-11
   1.763e+04   1.801e-11
   1.766e+04   1.806e-11
   1.768e+04   1.717e-11
   1.770e+04   1.784e-11
   1.773e+04   1.768e-11
   1.776e+04   1.724e-11
   1.778e+04   1.717e-11
   1.780e+04   1.742e-11
   1.783e+04   1.710e-11
   1.786e+04   1.700e-11
   1.788e+04   1.697e-11
   1.790e+04   1.707e-11
   1.793e+04   1.698e-11
   1.796e+04   1.676e-11
   1.798e+04   1.686e-11
   1.800e+04   1.660e-11
   1.803e+04   1.670e-11
   1.806e+04   1.540e-11
   1.808e+04   1.636e-11
   1.810e+04   1.639e-11
   1.813e+04   1.635e-11
   1.816e+04   1.604e-11
   1.818e+04   1.459e-11
   1.820e+04   1.579e-11
   1.823e+04   1.562e-11
   1.826e+04   1.585e-11
   1.828e+04   1.583e-11
   1.830e+04   1.535e-11
   1.833e+04   1.577e-11
   1.836e+04   1.517e-11
   1.838e+04   1.342e-11
   1.840e+04   1.547e-11
   1.843e+04   1.530e-11
   1.846e+04   1.539e-11
   1.848e+04   1.523e-11
   1.850e+04   1.525e-11
   1.853e+04   1.409e-11
   1.856e+04   1.496e-11
   1.858e+04   1.483e-11
   1.860e+04   1.494e-11
   1.863e+04   1.484e-11
   1.866e+04   1.470e-11
   1.868e+04   1.445e-11
   1.870e+04   1.444e-11
   1.873e+04   1.389e-11
   1.876e+04   1.087e-11
   1.878e+04   1.397e-11
   1.880e+04   1.427e-11
   1.883e+04   1.434e-11
   1.886e+04   1.415e-11
   1.888e+04   1.413e-11
   1.890e+04   1.389e-11
   1.893e+04   1.381e-11
   1.896e+04   1.362e-11
   1.898e+04   1.385e-11
   1.900e+04   1.387e-11
   1.903e+04   1.381e-11
   1.906e+04   1.325e-11
   1.908e+04   1.368e-11
   1.910e+04   1.353e-11
   1.913e+04   1.351e-11
   1.916e+04   1.348e-11
   1.918e+04   1.339e-11
   1.920e+04   1.329e-11
   1.923e+04   1.331e-11
   1.926e+04   1.300e-11
   1.928e+04   1.296e-11
   1.930e+04   1.307e-11
   1.933e+04   1.300e-11
   1.936e+04   1.279e-11
   1.938e+04   1.293e-11
   1.940e+04   1.277e-11
   1.943e+04   1.213e-11
   1.946e+04   1.167e-11
   1.948e+04   1.246e-11
   1.950e+04   1.255e-11
   1.953e+04   1.258e-11
   1.956e+04   1.250e-11
   1.958e+04   1.240e-11
   1.960e+04   1.181e-11
   1.963e+04   1.162e-11
   1.966e+04   1.225e-11
   1.968e+04   1.221e-11
   1.970e+04   1.222e-11
   1.973e+04   1.182e-11
   1.976e+04   1.209e-11
   1.978e+04   1.172e-11
   1.980e+04   1.199e-11
   1.983e+04   1.186e-11
   1.986e+04   1.179e-11
   1.988e+04   1.163e-11
   1.990e+04   1.174e-11
   1.993e+04   1.170e-11
   1.996e+04   1.114e-11
   1.998e+04   1.114e-11
   2.000e+04   1.156e-11
   2.003e+04   1.104e-11
   2.006e+04   1.124e-11
   2.008e+04   1.142e-11
   2.010e+04   1.136e-11
   2.013e+04   1.128e-11
   2.016e+04   1.126e-11
   2.018e+04   1.113e-11
   2.020e+04   1.097e-11
   2.023e+04   1.101e-11
   2.026e+04   1.082e-11
   2.028e+04   1.054e-11
   2.030e+04   1.078e-11
   2.033e+04   1.091e-11
   2.036e+04   1.015e-11
   2.038e+04   1.070e-11
   2.040e+04   1.078e-11
   2.043e+04   1.048e-11
   2.046e+04   1.059e-11
   2.048e+04   1.040e-11
   2.050e+04   1.057e-11
   2.053e+04   1.038e-11
   2.056e+04   1.048e-11
   2.058e+04   1.033e-11
   2.060e+04   9.791e-12
   2.063e+04   1.031e-11
   2.066e+04   1.027e-11
   2.068e+04   9.905e-12
   2.070e+04   9.227e-12
   2.073e+04   1.015e-11
   2.076e+04   1.007e-11
   2.078e+04   1.006e-11
   2.080e+04   9.374e-12
   2.083e+04   9.915e-12
   2.086e+04   9.790e-12
   2.088e+04   9.784e-12
   2.090e+04   9.852e-12
   2.093e+04   9.803e-12
   2.096e+04   9.780e-12
   2.098e+04   9.714e-12
   2.100e+04   9.674e-12
   2.103e+04   9.609e-12
   2.106e+04   9.621e-12
   2.108e+04   9.529e-12
   2.110e+04   9.537e-12
   2.113e+04   8.898e-12
   2.116e+04   9.385e-12
   2.118e+04   9.229e-12
   2.120e+04   9.336e-12
   2.123e+04   8.921e-12
   2.126e+04   9.252e-12
   2.128e+04   9.115e-12
   2.130e+04   9.220e-12
   2.133e+04   9.124e-12
   2.136e+04   9.122e-12
   2.138e+04   9.096e-12
   2.140e+04   9.024e-12
   2.143e+04   9.023e-12
   2.146e+04   8.961e-12
   2.148e+04   8.935e-12
   2.150e+04   8.875e-12
   2.153e+04   8.774e-12
   2.156e+04   8.795e-12
   2.158e+04   8.743e-12
   2.160e+04   8.655e-12
   2.163e+04   8.604e-12
   2.166e+04   8.091e-12
   2.168e+04   7.924e-12
   2.170e+04   8.349e-12
   2.173e+04   8.520e-12
   2.176e+04   8.318e-12
   2.178e+04   8.464e-12
   2.180e+04   8.468e-12
   2.183e+04   8.403e-12
   2.186e+04   8.379e-12
   2.188e+04   7.617e-12
   2.190e+04   8.287e-12
   2.193e+04   8.284e-12
   2.196e+04   8.253e-12
   2.198e+04   8.202e-12
   2.200e+04   8.158e-12
   2.203e+04   8.154e-12
   2.206e+04   8.042e-12
   2.208e+04   8.018e-12
   2.210e+04   7.992e-12
   2.213e+04   8.025e-12
   2.216e+04   7.968e-12
   2.218e+04   7.937e-12
   2.220e+04   7.879e-12
   2.223e+04   7.898e-12
   2.226e+04   7.865e-12
   2.228e+04   7.490e-12
   2.230e+04   7.530e-12
   2.233e+04   7.767e-12
   2.236e+04   7.702e-12
   2.238e+04   7.686e-12
   2.240e+04   7.638e-12
   2.243e+04   7.626e-12
   2.246e+04   7.569e-12
   2.248e+04   6.843e-12
   2.250e+04   7.549e-12
   2.253e+04   7.503e-12
   2.256e+04   7.485e-12
   2.258e+04   7.456e-12
   2.260e+04   7.409e-12
   2.263e+04   7.290e-12
   2.266e+04   7.357e-12
   2.268e+04   7.317e-12
   2.270e+04   7.309e-12
   2.273e+04   7.276e-12
   2.276e+04   7.194e-12
   2.278e+04   7.215e-12
   2.280e+04   7.154e-12
   2.283e+04   7.117e-12
   2.286e+04   7.134e-12
   2.288e+04   7.098e-12
   2.290e+04   7.055e-12
   2.293e+04   7.032e-12
   2.296e+04   7.017e-12
   2.298e+04   6.948e-12
   2.300e+04   6.243e-12
   2.303e+04   6.102e-12
   2.306e+04   6.902e-12
   2.308e+04   6.701e-12
   2.310e+04   6.829e-12
   2.313e+04   6.810e-12
   2.316e+04   6.682e-12
   2.318e+04   6.514e-12
   2.320e+04   6.701e-12
   2.323e+04   5.392e-12
   2.326e+04   6.580e-12
   2.328e+04   6.349e-12
   2.330e+04   6.636e-12
   2.333e+04   6.614e-12
   2.336e+04   5.247e-12
   2.338e+04   6.092e-12
   2.340e+04   6.295e-12
   2.343e+04   6.465e-12
   2.346e+04   6.454e-12
   2.348e+04   6.276e-12
   2.350e+04   6.358e-12
   2.353e+04   6.038e-12
   2.356e+04   6.357e-12
   2.358e+04   6.311e-12
   2.360e+04   6.059e-12
   2.363e+04   5.880e-12
   2.366e+04   5.978e-12
   2.368e+04   5.867e-12
   2.370e+04   5.866e-12
   2.373e+04   6.051e-12
   2.376e+04   5.996e-12
   2.378e+04   5.503e-12
   2.380e+04   6.129e-12
   2.383e+04   4.492e-12
   2.386e+04   5.595e-12
   2.388e+04   5.540e-12
   2.390e+04   5.619e-12
   2.393e+04   5.556e-12
   2.396e+04   5.973e-12
   2.398e+04   5.194e-12
   2.400e+04   5.725e-12
   2.403e+04   5.444e-12
   2.406e+04   5.856e-12
   2.408e+04   5.879e-12
   2.410e+04   5.847e-12
   2.413e+04   5.803e-12
   2.416e+04   5.214e-12
   2.418e+04   5.746e-12
   2.420e+04   5.190e-12
   2.423e+04   5.674e-12
   2.426e+04   5.543e-12
   2.428e+04   5.691e-12
   2.430e+04   5.654e-12
   2.433e+04   5.655e-12
   2.436e+04   5.318e-12
   2.438e+04   5.385e-12
   2.440e+04   5.597e-12
   2.443e+04   5.459e-12
   2.446e+04   5.520e-12
   2.448e+04   5.186e-12
   2.450e+04   4.947e-12
   2.453e+04   5.012e-12
   2.456e+04   4.525e-12
   2.458e+04   5.407e-12
   2.460e+04   5.435e-12
   2.463e+04   5.352e-12
   2.466e+04   4.875e-12
   2.468e+04   5.360e-12
   2.470e+04   4.828e-12
   2.473e+04   5.285e-12
   2.476e+04   5.196e-12
   2.478e+04   4.874e-12
   2.480e+04   4.109e-12
   2.483e+04   5.204e-12
   2.486e+04   4.860e-12
   2.488e+04   5.108e-12
   2.490e+04   5.097e-12
   2.493e+04   4.948e-12
   2.496e+04   5.138e-12
   2.498e+04   5.015e-12
   2.500e+04   4.797e-12
   2.503e+04   4.579e-12
   2.506e+04   4.998e-12
   2.508e+04   4.952e-12
   2.510e+04   4.653e-12
   2.513e+04   4.717e-12
   2.516e+04   4.513e-12
   2.518e+04   4.692e-12
   2.520e+04   4.726e-12
   2.523e+04   4.907e-12
   2.526e+04   4.668e-12
   2.528e+04   4.838e-12
   2.530e+04   4.671e-12
   2.533e+04   4.848e-12
   2.536e+04   4.703e-12
   2.538e+04   4.817e-12
   2.540e+04   4.495e-12
   2.543e+04   4.778e-12
   2.546e+04   4.768e-12
   2.548e+04   4.638e-12
   2.550e+04   4.721e-12
   2.553e+04   4.526e-12
   2.556e+04   4.485e-12
   2.558e+04   4.662e-12
   2.560e+04   4.105e-12
   2.563e+04   4.607e-12
   2.566e+04   4.562e-12
   2.568e+04   4.605e-12
   2.570e+04   4.296e-12
   2.573e+04   4.589e-12
   2.576e+04   4.232e-12
   2.578e+04   4.211e-12
   2.580e+04   4.304e-12
   2.583e+04   4.434e-12
   2.586e+04   4.233e-12
   2.588e+04   4.451e-12
   2.590e+04   4.442e-12
   2.593e+04   4.387e-12
   2.596e+04   4.100e-12
   2.598e+04   4.430e-12
   2.600e+04   4.424e-12
   2.603e+04   4.111e-12
   2.606e+04   4.391e-12
   2.608e+04   4.368e-12
   2.610e+04   4.350e-12
   2.613e+04   4.325e-12
   2.616e+04   4.306e-12
   2.618e+04   4.177e-12
   2.620e+04   4.263e-12
   2.623e+04   3.859e-12
   2.626e+04   3.708e-12
   2.628e+04   4.176e-12
   2.630e+04   3.995e-12
   2.633e+04   4.166e-12
   2.636e+04   4.173e-12
   2.638e+04   3.901e-12
   2.640e+04   4.058e-12
   2.643e+04   4.157e-12
   2.646e+04   4.126e-12
   2.648e+04   3.928e-12
   2.650e+04   4.094e-12
   2.653e+04   4.105e-12
   2.656e+04   4.010e-12
   2.658e+04   4.058e-12
   2.660e+04   3.778e-12
   2.663e+04   4.037e-12
   2.666e+04   4.016e-12
   2.668e+04   3.991e-12
   2.670e+04   3.928e-12
   2.673e+04   3.974e-12
   2.676e+04   3.718e-12
   2.678e+04   3.916e-12
   2.680e+04   3.914e-12
   2.683e+04   3.744e-12
   2.686e+04   3.849e-12
   2.688e+04   3.777e-12
   2.690e+04   3.728e-12
   2.693e+04   3.872e-12
   2.696e+04   3.772e-12
   2.698e+04   3.861e-12
   2.700e+04   3.838e-12
   2.703e+04   3.828e-12
   2.706e+04   3.816e-12
   2.708e+04   3.763e-12
   2.710e+04   3.718e-12
   2.713e+04   3.774e-12
   2.716e+04   3.704e-12
   2.718e+04   3.666e-12
   2.720e+04   3.739e-12
   2.723e+04   3.726e-12
   2.726e+04   3.718e-12
   2.728e+04   3.534e-12
   2.730e+04   3.687e-12
   2.733e+04   3.618e-12
   2.736e+04   3.659e-12
   2.738e+04   3.621e-12
   2.740e+04   3.612e-12
   2.743e+04   3.614e-12
   2.746e+04   3.599e-12
   2.748e+04   3.468e-12
   2.750e+04   3.561e-12
   2.753e+04   3.575e-12
   2.756e+04   3.553e-12
   2.758e+04   3.522e-12
   2.760e+04   3.521e-12
   2.763e+04   3.511e-12
   2.766e+04   3.515e-12
   2.768e+04   3.482e-12
   2.770e+04   3.478e-12
   2.773e+04   3.472e-12
   2.776e+04   3.427e-12
   2.778e+04   3.437e-12
   2.780e+04   3.446e-12
   2.783e+04   3.399e-12
   2.786e+04   3.416e-12
   2.788e+04   3.353e-12
   2.790e+04   3.402e-12
   2.793e+04   3.293e-12
   2.796e+04   3.372e-12
   2.798e+04   3.369e-12
   2.800e+04   3.355e-12
   2.803e+04   3.337e-12
   2.806e+04   3.332e-12
   2.808e+04   3.292e-12
   2.810e+04   3.254e-12
   2.813e+04   3.301e-12
   2.816e+04   3.266e-12
   2.818e+04   3.272e-12
   2.820e+04   3.240e-12
   2.823e+04   3.232e-12
   2.826e+04   3.248e-12
   2.828e+04   3.228e-12
   2.830e+04   3.225e-12
   2.833e+04   3.206e-12
   2.836e+04   3.206e-12
   2.838e+04   3.184e-12
   2.840e+04   2.972e-12
   2.843e+04   3.164e-12
   2.846e+04   3.163e-12
   2.848e+04   3.152e-12
   2.850e+04   3.141e-12
   2.853e+04   3.133e-12
   2.856e+04   3.041e-12
   2.858e+04   3.101e-12
   2.860e+04   3.096e-12
   2.863e+04   3.064e-12
   2.866e+04   3.079e-12
   2.868e+04   3.063e-12
   2.870e+04   3.042e-12
   2.873e+04   2.973e-12
   2.876e+04   3.021e-12
   2.878e+04   3.025e-12
   2.880e+04   3.002e-12
   2.883e+04   2.997e-12
   2.886e+04   2.992e-12
   2.888e+04   2.987e-12
   2.890e+04   2.976e-12
   2.893e+04   2.974e-12
   2.896e+04   2.963e-12
   2.898e+04   2.898e-12
   2.900e+04   2.943e-12
   2.903e+04   2.833e-12
   2.906e+04   2.919e-12
   2.908e+04   2.898e-12
   2.910e+04   2.882e-12
   2.913e+04   2.898e-12
   2.916e+04   2.887e-12
   2.918e+04   2.878e-12
   2.920e+04   2.841e-12
   2.923e+04   2.854e-12
   2.926e+04   2.837e-12
   2.928e+04   2.841e-12
   2.930e+04   2.830e-12
   2.933e+04   2.812e-12
   2.936e+04   2.814e-12
   2.938e+04   2.800e-12
   2.940e+04   2.782e-12
   2.943e+04   2.785e-12
   2.946e+04   2.771e-12
   2.948e+04   2.767e-12
   2.950e+04   2.687e-12
   2.953e+04   2.749e-12
   2.956e+04   2.720e-12
   2.958e+04   2.728e-12
   2.960e+04   2.687e-12
   2.963e+04   2.713e-12
   2.966e+04   2.706e-12
   2.968e+04   2.700e-12
   2.970e+04   2.689e-12
   2.973e+04   2.684e-12
   2.976e+04   2.644e-12
   2.978e+04   2.659e-12
   2.980e+04   2.656e-12
   2.983e+04   2.650e-12
   2.986e+04   2.638e-12
   2.988e+04   2.614e-12
   2.990e+04   2.624e-12
   2.993e+04   2.617e-12
   2.996e+04   2.598e-12
   2.998e+04   2.599e-12
   3.000e+04   2.567e-12
   3.003e+04   2.577e-12
   3.006e+04   2.571e-12
   3.008e+04   2.565e-12
   3.010e+04   2.559e-12
   3.013e+04   2.550e-12
   3.016e+04   2.540e-12
   3.018e+04   2.536e-12
   3.020e+04   2.482e-12
   3.023e+04   2.510e-12
   3.026e+04   2.512e-12
   3.028e+04   2.501e-12
   3.030e+04   2.493e-12
   3.033e+04   2.448e-12
   3.036e+04   2.472e-12
   3.038e+04   2.437e-12
   3.040e+04   2.440e-12
   3.043e+04   2.446e-12
   3.046e+04   2.445e-12
   3.048e+04   2.408e-12
   3.050e+04   2.430e-12
   3.053e+04   2.423e-12
   3.056e+04   2.413e-12
   3.058e+04   2.405e-12
   3.060e+04   2.393e-12
   3.063e+04   2.398e-12
   3.066e+04   2.285e-12
   3.068e+04   2.378e-12
   3.070e+04   2.374e-12
   3.073e+04   2.370e-12
   3.076e+04   2.361e-12
   3.078e+04   2.355e-12
   3.080e+04   2.341e-12
   3.083e+04   2.326e-12
   3.086e+04   2.199e-12
   3.088e+04   2.326e-12
   3.090e+04   2.279e-12
   3.093e+04   2.308e-12
   3.096e+04   2.305e-12
   3.098e+04   2.289e-12
   3.100e+04   2.291e-12
   3.103e+04   2.282e-12
   3.106e+04   2.272e-12
   3.108e+04   2.269e-12
   3.110e+04   2.263e-12
   3.113e+04   2.254e-12
   3.116e+04   2.201e-12
   3.118e+04   2.236e-12
   3.120e+04   2.236e-12
   3.123e+04   2.218e-12
   3.126e+04   2.219e-12
   3.128e+04   2.216e-12
   3.130e+04   2.188e-12
   3.133e+04   2.202e-12
   3.136e+04   2.185e-12
   3.138e+04   2.185e-12
   3.140e+04   2.144e-12
   3.143e+04   2.177e-12
   3.146e+04   2.148e-12
   3.148e+04   2.080e-12
   3.150e+04   2.152e-12
   3.153e+04   2.147e-12
   3.156e+04   2.141e-12
   3.158e+04   2.137e-12
   3.160e+04   2.124e-12
   3.163e+04   2.120e-12
   3.166e+04   2.117e-12
   3.168e+04   2.087e-12
   3.170e+04   2.099e-12
   3.173e+04   2.095e-12
   3.176e+04   2.079e-12
   3.178e+04   2.082e-12
   3.180e+04   2.034e-12
   3.183e+04   2.052e-12
   3.186e+04   2.068e-12
   3.188e+04   2.061e-12
   3.190e+04   2.052e-12
   3.193e+04   2.049e-12
   3.196e+04   2.030e-12
   3.198e+04   2.035e-12
   3.200e+04   2.031e-12
   3.203e+04   2.021e-12
   3.206e+04   2.012e-12
   3.208e+04   2.013e-12
   3.210e+04   1.999e-12
   3.213e+04   1.998e-12
   3.216e+04   1.993e-12
   3.218e+04   1.990e-12
   3.220e+04   1.985e-12
   3.223e+04   1.952e-12
   3.226e+04   1.973e-12
   3.228e+04   1.950e-12
   3.230e+04   1.961e-12
   3.233e+04   1.955e-12
   3.236e+04   1.950e-12
   3.238e+04   1.944e-12
   3.240e+04   1.938e-12
   3.243e+04   1.915e-12
   3.246e+04   1.922e-12
   3.248e+04   1.917e-12
   3.250e+04   1.915e-12
   3.253e+04   1.910e-12
   3.256e+04   1.905e-12
   3.258e+04   1.894e-12
   3.260e+04   1.893e-12
   3.263e+04   1.887e-12
   3.266e+04   1.882e-12
   3.268e+04   1.876e-12
   3.270e+04   1.870e-12
   3.273e+04   1.866e-12
   3.276e+04   1.861e-12
   3.278e+04   1.856e-12
   3.280e+04   1.850e-12
   3.283e+04   1.844e-12
   3.286e+04   1.839e-12
   3.288e+04   1.833e-12
   3.290e+04   1.826e-12
   3.293e+04   1.811e-12
   3.296e+04   1.799e-12
   3.298e+04   1.786e-12
   3.300e+04   1.799e-12
   3.303e+04   1.800e-12
   3.306e+04   1.788e-12
   3.308e+04   1.791e-12
   3.310e+04   1.782e-12
   3.313e+04   1.780e-12
   3.316e+04   1.767e-12
   3.318e+04   1.768e-12
   3.320e+04   1.696e-12
   3.323e+04   1.760e-12
   3.326e+04   1.749e-12
   3.328e+04   1.752e-12
   3.330e+04   1.747e-12
   3.333e+04   1.741e-12
   3.336e+04   1.713e-12
   3.338e+04   1.730e-12
   3.340e+04   1.710e-12
   3.343e+04   1.708e-12
   3.346e+04   1.714e-12
   3.348e+04   1.713e-12
   3.350e+04   1.708e-12
   3.353e+04   1.702e-12
   3.356e+04   1.685e-12
   3.358e+04   1.693e-12
   3.360e+04   1.679e-12
   3.363e+04   1.684e-12
   3.366e+04   1.679e-12
   3.368e+04   1.671e-12
   3.370e+04   1.646e-12
   3.373e+04   1.663e-12
   3.376e+04   1.659e-12
   3.378e+04   1.642e-12
   3.380e+04   1.641e-12
   3.383e+04   1.616e-12
   3.386e+04   1.642e-12
   3.388e+04   1.637e-12
   3.390e+04   1.607e-12
   3.393e+04   1.628e-12
   3.396e+04   1.617e-12
   3.398e+04   1.616e-12
   3.400e+04   1.611e-12
   3.403e+04   1.606e-12
   3.406e+04   1.605e-12
   3.408e+04   1.596e-12
   3.410e+04   1.581e-12
   3.413e+04   1.592e-12
   3.416e+04   1.584e-12
   3.418e+04   1.582e-12
   3.420e+04   1.575e-12
   3.423e+04   1.570e-12
   3.426e+04   1.554e-12
   3.428e+04   1.556e-12
   3.430e+04   1.562e-12
   3.433e+04   1.557e-12
   3.436e+04   1.552e-12
   3.438e+04   1.548e-12
   3.440e+04   1.532e-12
   3.443e+04   1.540e-12
   3.446e+04   1.535e-12
   3.448e+04   1.531e-12
   3.450e+04   1.520e-12
   3.453e+04   1.522e-12
   3.456e+04   1.480e-12
   3.458e+04   1.514e-12
   3.460e+04   1.509e-12
   3.463e+04   1.471e-12
   3.466e+04   1.500e-12
   3.468e+04   1.498e-12
   3.470e+04   1.493e-12
   3.473e+04   1.469e-12
   3.476e+04   1.482e-12
   3.478e+04   1.482e-12
   3.480e+04   1.478e-12
   3.483e+04   1.467e-12
   3.486e+04   1.468e-12
   3.488e+04   1.447e-12
   3.490e+04   1.462e-12
   3.493e+04   1.450e-12
   3.496e+04   1.400e-12
   3.498e+04   1.450e-12
   3.500e+04   1.445e-12
   3.503e+04   1.442e-12
   3.506e+04   1.429e-12
   3.508e+04   1.433e-12
   3.510e+04   1.427e-12
   3.513e+04   1.366e-12
   3.516e+04   1.422e-12
   3.518e+04   1.344e-12
   3.520e+04   1.415e-12
   3.523e+04   1.404e-12
   3.526e+04   1.407e-12
   3.528e+04   1.398e-12
   3.530e+04   1.400e-12
   3.533e+04   1.385e-12
   3.536e+04   1.392e-12
   3.538e+04   1.387e-12
   3.540e+04   1.381e-12
   3.543e+04   1.293e-12
   3.546e+04   1.378e-12
   3.548e+04   1.374e-12
   3.550e+04   1.370e-12
   3.553e+04   1.366e-12
   3.556e+04   1.354e-12
   3.558e+04   1.359e-12
   3.560e+04   1.334e-12
   3.563e+04   1.352e-12
   3.566e+04   1.348e-12
   3.568e+04   1.344e-12
   3.570e+04   1.331e-12
   3.573e+04   1.299e-12
   3.576e+04   1.334e-12
   3.578e+04   1.330e-12
   3.580e+04   1.310e-12
   3.583e+04   1.323e-12
   3.586e+04   1.303e-12
   3.588e+04   1.316e-12
   3.590e+04   1.313e-12
   3.593e+04   1.308e-12
   3.596e+04   1.306e-12
   3.598e+04   1.302e-12
   3.600e+04   1.288e-12
   3.603e+04   1.286e-12
   3.606e+04   1.292e-12
   3.608e+04   1.289e-12
   3.610e+04   1.284e-12
   3.613e+04   1.282e-12
   3.616e+04   1.275e-12
   3.618e+04   1.274e-12
   3.620e+04   1.272e-12
   3.623e+04   1.265e-12
   3.626e+04   1.249e-12
   3.628e+04   1.258e-12
   3.630e+04   1.219e-12
   3.633e+04   1.242e-12
   3.636e+04   1.242e-12
   3.638e+04   1.249e-12
   3.640e+04   1.244e-12
   3.643e+04   1.238e-12
   3.646e+04   1.238e-12
   3.648e+04   1.234e-12
   3.650e+04   1.227e-12
   3.653e+04   1.208e-12
   3.656e+04   1.222e-12
   3.658e+04   1.221e-12
   3.660e+04   1.218e-12
   3.663e+04   1.215e-12
   3.666e+04   1.213e-12
   3.668e+04   1.205e-12
   3.670e+04   1.201e-12
   3.673e+04   1.203e-12
   3.676e+04   1.198e-12
   3.678e+04   1.169e-12
   3.680e+04   1.193e-12
   3.683e+04   1.165e-12
   3.686e+04   1.188e-12
   3.688e+04   1.185e-12
   3.690e+04   1.181e-12
   3.693e+04   1.179e-12
   3.696e+04   1.176e-12
   3.698e+04   1.167e-12
   3.700e+04   1.170e-12
   3.703e+04   1.145e-12
   3.706e+04   1.163e-12
   3.708e+04   1.159e-12
   3.710e+04   1.158e-12
   3.713e+04   1.154e-12
   3.716e+04   1.152e-12
   3.718e+04   1.149e-12
   3.720e+04   1.145e-12
   3.723e+04   1.130e-12
   3.726e+04   1.140e-12
   3.728e+04   1.137e-12
   3.730e+04   1.127e-12
   3.733e+04   1.129e-12
   3.736e+04   1.113e-12
   3.738e+04   1.118e-12
   3.740e+04   1.081e-12
   3.743e+04   1.114e-12
   3.746e+04   1.048e-12
   3.748e+04   1.113e-12
   3.750e+04   1.109e-12
   3.753e+04   1.085e-12
   3.756e+04   1.103e-12
   3.758e+04   1.101e-12
   3.760e+04   1.100e-12
   3.763e+04   1.089e-12
   3.766e+04   1.094e-12
   3.768e+04   1.080e-12
   3.770e+04   1.087e-12
   3.773e+04   1.081e-12
   3.776e+04   1.083e-12
   3.778e+04   1.081e-12
   3.780e+04   1.076e-12
   3.783e+04   9.997e-13
   3.786e+04   1.073e-12
   3.788e+04   1.069e-12
   3.790e+04   1.067e-12
   3.793e+04   1.065e-12
   3.796e+04   1.062e-12
   3.798e+04   1.059e-12
   3.800e+04   1.056e-12
   3.803e+04   1.049e-12
   3.806e+04   1.041e-12
   3.808e+04   1.049e-12
   3.810e+04   1.040e-12
   3.813e+04   1.041e-12
   3.816e+04   1.025e-12
   3.818e+04   9.841e-13
   3.820e+04   1.033e-12
   3.823e+04   1.028e-12
   3.826e+04   1.031e-12
   3.828e+04   1.028e-12
   3.830e+04   1.025e-12
   3.833e+04   1.023e-12
   3.836e+04   1.012e-12
   3.838e+04   1.017e-12
   3.840e+04   1.015e-12
   3.843e+04   1.012e-12
   3.846e+04   1.010e-12
   3.848e+04   1.008e-12
   3.850e+04   9.995e-13
   3.853e+04   1.001e-12
   3.856e+04   9.446e-13
   3.858e+04   9.554e-13
   3.860e+04   9.950e-13
   3.863e+04   9.874e-13
   3.866e+04   9.904e-13
   3.868e+04   9.842e-13
   3.870e+04   9.839e-13
   3.873e+04   9.743e-13
   3.876e+04   9.806e-13
   3.878e+04   9.717e-13
   3.880e+04   9.746e-13
   3.883e+04   9.612e-13
   3.886e+04   9.283e-13
   3.888e+04   9.650e-13
   3.890e+04   9.637e-13
   3.893e+04   9.559e-13
   3.896e+04   9.603e-13
   3.898e+04   9.417e-13
   3.900e+04   9.512e-13
   3.903e+04   9.495e-13
   3.906e+04   9.515e-13
   3.908e+04   9.469e-13
   3.910e+04   9.408e-13
   3.913e+04   9.181e-13
   3.916e+04   9.410e-13
   3.918e+04   9.389e-13
   3.920e+04   9.381e-13
   3.923e+04   9.298e-13
   3.926e+04   9.335e-13
   3.928e+04   9.281e-13
   3.930e+04   9.292e-13
   3.933e+04   9.256e-13
   3.936e+04   9.228e-13
   3.938e+04   9.179e-13
   3.940e+04   9.201e-13
   3.943e+04   9.182e-13
   3.946e+04   9.152e-13
   3.948e+04   9.129e-13
   3.950e+04   9.092e-13
   3.953e+04   9.079e-13
   3.956e+04   8.960e-13
   3.958e+04   8.828e-13
   3.960e+04   9.011e-13
   3.963e+04   8.999e-13
   3.966e+04   8.909e-13
   3.968e+04   8.956e-13
   3.970e+04   8.937e-13
   3.973e+04   8.897e-13
   3.976e+04   8.861e-13
   3.978e+04   8.873e-13
   3.980e+04   8.803e-13
   3.983e+04   8.833e-13
   3.986e+04   8.740e-13
   3.988e+04   8.783e-13
   3.990e+04   8.749e-13
   3.993e+04   8.746e-13
   3.996e+04   8.294e-13
   3.998e+04   8.689e-13
   4.000e+04   8.663e-13
   4.003e+04   8.634e-13
   4.006e+04   8.643e-13
   4.008e+04   8.623e-13
   4.010e+04   8.571e-13
   4.013e+04   8.556e-13
   4.016e+04   8.543e-13
   4.018e+04   8.425e-13
   4.020e+04   8.289e-13
   4.023e+04   8.434e-13
   4.026e+04   8.475e-13
   4.028e+04   8.458e-13
   4.030e+04   8.428e-13
   4.033e+04   8.382e-13
   4.036e+04   8.398e-13
   4.038e+04   8.380e-13
   4.040e+04   8.356e-13
   4.043e+04   8.331e-13
   4.046e+04   8.294e-13
   4.048e+04   8.275e-13
   4.050e+04   8.230e-13
   4.053e+04   8.107e-13
   4.056e+04   8.219e-13
   4.058e+04   8.213e-13
   4.060e+04   8.190e-13
   4.063e+04   8.179e-13
   4.066e+04   7.812e-13
   4.068e+04   8.088e-13
   4.070e+04   7.803e-13
   4.073e+04   7.957e-13
   4.076e+04   8.012e-13
   4.078e+04   7.979e-13
   4.080e+04   8.033e-13
   4.083e+04   8.007e-13
   4.086e+04   8.012e-13
   4.088e+04   7.954e-13
   4.090e+04   7.973e-13
   4.093e+04   7.946e-13
   4.096e+04   7.937e-13
   4.098e+04   7.915e-13
   4.100e+04   7.893e-13
   4.103e+04   7.751e-13
   4.106e+04   7.858e-13
   4.108e+04   7.845e-13
   4.110e+04   7.771e-13
   4.113e+04   7.801e-13
   4.116e+04   7.776e-13
   4.118e+04   7.754e-13
   4.120e+04   7.708e-13
   4.123e+04   7.732e-13
   4.126e+04   7.715e-13
   4.128e+04   7.696e-13
   4.130e+04   7.682e-13
   4.133e+04   7.648e-13
   4.136e+04   7.646e-13
   4.138e+04   7.611e-13
   4.140e+04   7.561e-13
   4.143e+04   7.528e-13
   4.146e+04   7.574e-13
   4.148e+04   7.547e-13
   4.150e+04   7.491e-13
   4.153e+04   7.499e-13
   4.156e+04   7.504e-13
   4.158e+04   7.480e-13
   4.160e+04   7.471e-13
   4.163e+04   7.448e-13
   4.166e+04   7.433e-13
   4.168e+04   7.407e-13
   4.170e+04   7.391e-13
   4.173e+04   7.367e-13
   4.176e+04   7.334e-13
   4.178e+04   7.342e-13
   4.180e+04   7.322e-13
   4.183e+04   7.309e-13
   4.186e+04   7.298e-13
   4.188e+04   7.277e-13
   4.190e+04   7.262e-13
   4.193e+04   7.238e-13
   4.196e+04   7.218e-13
   4.198e+04   7.124e-13
   4.200e+04   7.169e-13
   4.203e+04   7.175e-13
   4.206e+04   7.112e-13
   4.208e+04   7.083e-13
   4.210e+04   7.134e-13
   4.213e+04   7.120e-13
   4.216e+04   7.105e-13
   4.218e+04   7.089e-13
   4.220e+04   7.074e-13
   4.223e+04   7.035e-13
   4.226e+04   7.040e-13
   4.228e+04   7.024e-13
   4.230e+04   7.009e-13
   4.233e+04   6.993e-13
   4.236e+04   6.960e-13
   4.238e+04   6.961e-13
   4.240e+04   6.942e-13
   4.243e+04   6.929e-13
   4.246e+04   6.912e-13
   4.248e+04   6.873e-13
   4.250e+04   6.747e-13
   4.253e+04   6.852e-13
   4.256e+04   6.852e-13
   4.258e+04   6.836e-13
   4.260e+04   6.818e-13
   4.263e+04   6.801e-13
   4.266e+04   6.790e-13
   4.268e+04   6.773e-13
   4.270e+04   6.746e-13
   4.273e+04   6.734e-13
   4.276e+04   6.728e-13
   4.278e+04   6.711e-13
   4.280e+04   6.700e-13
   4.283e+04   6.684e-13
   4.286e+04   6.671e-13
   4.288e+04   6.652e-13
   4.290e+04   6.640e-13
   4.293e+04   6.624e-13
   4.296e+04   5.437e-13
   4.298e+04   6.585e-13
   4.300e+04   5.865e-13
   4.303e+04   6.560e-13
   4.306e+04   6.545e-13
   4.308e+04   6.536e-13
   4.310e+04   5.648e-13
   4.313e+04   6.503e-13
   4.316e+04   6.480e-13
   4.318e+04   6.446e-13
   4.320e+04   6.460e-13
   4.323e+04   6.440e-13
   4.326e+04   6.430e-13
   4.328e+04   6.417e-13
   4.330e+04   6.403e-13
   4.333e+04   6.379e-13
   4.336e+04   6.368e-13
   4.338e+04   6.346e-13
   4.340e+04   6.344e-13
   4.343e+04   6.261e-13
   4.346e+04   6.305e-13
   4.348e+04   6.257e-13
   4.350e+04   5.156e-13
   4.353e+04   6.271e-13
   4.356e+04   6.263e-13
   4.358e+04   6.010e-13
   4.360e+04   4.556e-13
   4.363e+04   6.203e-13
   4.366e+04   6.195e-13
   4.368e+04   6.193e-13
   4.370e+04   6.141e-13
   4.373e+04   6.158e-13
   4.376e+04   6.098e-13
   4.378e+04   6.116e-13
   4.380e+04   6.110e-13
   4.383e+04   6.069e-13
   4.386e+04   5.982e-13
   4.388e+04   6.039e-13
   4.390e+04   6.041e-13
   4.393e+04   6.038e-13
   4.396e+04   6.025e-13
   4.398e+04   5.997e-13
   4.400e+04   5.996e-13
   4.403e+04   5.524e-13
   4.406e+04   5.918e-13
   4.408e+04   4.847e-13
   4.410e+04   5.903e-13
   4.413e+04   5.678e-13
   4.416e+04   5.864e-13
   4.418e+04   4.546e-13
   4.420e+04   5.758e-13
   4.423e+04   5.900e-13
   4.426e+04   4.302e-13
   4.428e+04   5.398e-13
   4.430e+04   5.838e-13
   4.433e+04   3.895e-13
   4.436e+04   5.826e-13
   4.438e+04   5.825e-13
   4.440e+04   5.752e-13
   4.443e+04   5.799e-13
   4.446e+04   5.748e-13
   4.448e+04   5.735e-13
   4.450e+04   5.654e-13
   4.453e+04   5.612e-13
   4.456e+04   4.993e-13
   4.458e+04   4.427e-13
   4.460e+04   5.700e-13
   4.463e+04   5.678e-13
   4.466e+04   4.549e-13
   4.468e+04   5.084e-13
   4.470e+04   4.543e-13
   4.473e+04   5.646e-13
   4.476e+04   5.535e-13
   4.478e+04   5.576e-13
   4.480e+04   4.196e-13
   4.483e+04   5.555e-13
   4.486e+04   5.503e-13
   4.488e+04   5.509e-13
   4.490e+04   5.525e-13
   4.493e+04   5.517e-13
   4.496e+04   5.394e-13
   4.498e+04   5.132e-13
   4.500e+04   4.404e-13
   4.503e+04   5.508e-13
   4.506e+04   5.244e-13
   4.508e+04   5.484e-13
   4.510e+04   4.650e-13
   4.513e+04   5.341e-13
   4.516e+04   5.423e-13
   4.518e+04   4.620e-13
   4.520e+04   5.371e-13
   4.523e+04   5.387e-13
   4.526e+04   4.797e-13
   4.528e+04   5.093e-13
   4.530e+04   5.151e-13
   4.533e+04   5.273e-13
   4.536e+04   5.354e-13
   4.538e+04   5.122e-13
   4.540e+04   5.336e-13
   4.543e+04   5.310e-13
   4.546e+04   4.853e-13
   4.548e+04   5.159e-13
   4.550e+04   5.268e-13
   4.553e+04   5.269e-13
   4.556e+04   5.271e-13
   4.558e+04   5.046e-13
   4.560e+04   5.245e-13
   4.563e+04   4.522e-13
   4.566e+04   5.222e-13
   4.568e+04   5.126e-13
   4.570e+04   5.083e-13
   4.573e+04   4.803e-13
   4.576e+04   3.617e-13
   4.578e+04   5.158e-13
   4.580e+04   4.983e-13
   4.583e+04   4.510e-13
   4.586e+04   4.219e-13
   4.588e+04   4.486e-13
   4.590e+04   4.420e-13
   4.593e+04   5.008e-13
   4.596e+04   4.581e-13
   4.598e+04   4.894e-13
   4.600e+04   4.964e-13
   4.603e+04   4.855e-13
   4.606e+04   3.988e-13
   4.608e+04   3.315e-13
   4.610e+04   5.007e-13
   4.613e+04   5.016e-13
   4.616e+04   4.985e-13
   4.618e+04   4.983e-13
   4.620e+04   4.414e-13
   4.623e+04   3.615e-13
   4.626e+04   4.232e-13
   4.628e+04   4.952e-13
   4.630e+04   4.874e-13
   4.633e+04   4.767e-13
   4.636e+04   4.810e-13
   4.638e+04   4.912e-13
   4.640e+04   4.553e-13
   4.643e+04   4.881e-13
   4.646e+04   4.666e-13
   4.648e+04   4.311e-13
   4.650e+04   3.918e-13
   4.653e+04   4.662e-13
   4.656e+04   4.210e-13
   4.658e+04   4.803e-13
   4.660e+04   4.693e-13
   4.663e+04   4.386e-13
   4.666e+04   4.803e-13
   4.668e+04   4.788e-13
   4.670e+04   4.734e-13
   4.673e+04   4.582e-13
   4.676e+04   4.702e-13
   4.678e+04   4.739e-13
   4.680e+04   4.696e-13
   4.683e+04   4.448e-13
   4.686e+04   3.438e-13
   4.688e+04   4.712e-13
   4.690e+04   3.379e-13
   4.693e+04   4.631e-13
   4.696e+04   4.665e-13
   4.698e+04   4.340e-13
   4.700e+04   4.575e-13
   4.703e+04   4.458e-13
   4.706e+04   4.480e-13
   4.708e+04   4.135e-13
   4.710e+04   4.620e-13
   4.713e+04   4.423e-13
   4.716e+04   4.607e-13
   4.718e+04   4.481e-13
   4.720e+04   4.586e-13
   4.723e+04   4.585e-13
   4.726e+04   4.355e-13
   4.728e+04   4.386e-13
   4.730e+04   4.327e-13
   4.733e+04   4.462e-13
   4.736e+04   4.526e-13
   4.738e+04   4.293e-13
   4.740e+04   3.969e-13
   4.743e+04   4.067e-13
   4.746e+04   3.392e-13
   4.748e+04   3.382e-13
   4.750e+04   4.469e-13
   4.753e+04   4.449e-13
   4.756e+04   3.183e-13
   4.758e+04   4.416e-13
   4.760e+04   4.375e-13
   4.763e+04   3.909e-13
   4.766e+04   3.767e-13
   4.768e+04   4.400e-13
   4.770e+04   4.380e-13
   4.773e+04   4.391e-13
   4.776e+04   4.345e-13
   4.778e+04   4.133e-13
   4.780e+04   3.400e-13
   4.783e+04   4.313e-13
   4.786e+04   4.320e-13
   4.788e+04   4.348e-13
   4.790e+04   4.341e-13
   4.793e+04   4.128e-13
   4.796e+04   4.192e-13
   4.798e+04   4.301e-13
   4.800e+04   4.263e-13
   4.803e+04   3.635e-13
   4.806e+04   4.173e-13
   4.808e+04   4.275e-13
   4.810e+04   4.268e-13
   4.813e+04   4.089e-13
   4.816e+04   4.232e-13
   4.818e+04   4.178e-13
   4.820e+04   3.399e-13
   4.823e+04   4.186e-13
   4.826e+04   4.218e-13
   4.828e+04   4.174e-13
   4.830e+04   4.172e-13
   4.833e+04   4.187e-13
   4.836e+04   4.186e-13
   4.838e+04   4.167e-13
   4.840e+04   4.154e-13
   4.843e+04   4.159e-13
   4.846e+04   4.016e-13
   4.848e+04   3.229e-13
   4.850e+04   4.049e-13
   4.853e+04   4.091e-13
   4.856e+04   4.116e-13
   4.858e+04   4.081e-13
   4.860e+04   4.094e-13
   4.863e+04   4.054e-13
   4.866e+04   3.324e-13
   4.868e+04   3.952e-13
   4.870e+04   3.971e-13
   4.873e+04   3.994e-13
   4.876e+04   2.813e-13
   4.878e+04   4.026e-13
   4.880e+04   4.035e-13
   4.883e+04   3.484e-13
   4.886e+04   3.971e-13
   4.888e+04   3.959e-13
   4.890e+04   3.963e-13
   4.893e+04   3.952e-13
   4.896e+04   3.970e-13
   4.898e+04   2.802e-13
   4.900e+04   3.864e-13
   4.903e+04   3.959e-13
   4.906e+04   3.816e-13
   4.908e+04   3.949e-13
   4.910e+04   3.942e-13
   4.913e+04   3.931e-13
   4.916e+04   3.235e-13
   4.918e+04   3.865e-13
   4.920e+04   3.504e-13
   4.923e+04   3.806e-13
   4.926e+04   3.704e-13
   4.928e+04   3.556e-13
   4.930e+04   3.339e-13
   4.933e+04   3.829e-13
   4.936e+04   3.596e-13
   4.938e+04   3.028e-13
   4.940e+04   3.845e-13
   4.943e+04   3.142e-13
   4.946e+04   3.546e-13
   4.948e+04   3.203e-13
   4.950e+04   3.809e-13
   4.953e+04   3.811e-13
   4.956e+04   3.788e-13
   4.958e+04   3.729e-13
   4.960e+04   3.113e-13
   4.963e+04   3.745e-13
   4.966e+04   3.775e-13
   4.968e+04   3.507e-13
   4.970e+04   3.686e-13
   4.973e+04   3.755e-13
   4.976e+04   3.349e-13
   4.978e+04   3.741e-13
   4.980e+04   3.691e-13
   4.983e+04   3.375e-13
   4.986e+04   3.657e-13
   4.988e+04   3.711e-13
   4.990e+04   3.684e-13
   4.993e+04   3.688e-13
   4.996e+04   3.693e-13
   4.998e+04   3.686e-13
   5.000e+04   3.268e-13
